0 0.737738 0.492535 0.051555 0.051847
0 0.333816 0.486021 0.042555 0.046042
0 0.322051 0.417250 0.041477 0.034167
0 0.913605 0.577306 0.082945 0.086500
0 0.251699 0.551090 0.041086 0.049458
0 0.292254 0.506646 0.039008 0.062097
0 0.328020 0.541375 0.038570 0.062972
0 0.508844 0.566375 0.054641 0.063167
0 0.897281 0.460250 0.070922 0.064389
0 0.301063 0.596229 0.042797 0.074347
0 0.544289 0.733528 0.073797 0.110306
0 0.748547 0.577972 0.070609 0.064361
0 0.294414 0.434035 0.036016 0.032653
0 0.405016 0.414903 0.038563 0.048972
0 0.373328 0.475035 0.035000 0.050236
0 0.432152 0.507306 0.054914 0.075167
0 0.738648 0.799472 0.138484 0.203000
0 0.390215 0.634083 0.085383 0.208194
0 0.293238 0.778486 0.072430 0.150000
