0 0.313770 0.418778 0.032852 0.033000
0 0.663152 0.476292 0.043758 0.030861
0 0.282738 0.782111 0.078508 0.169556
0 0.936516 0.692208 0.085641 0.076556
0 0.979398 0.580125 0.041125 0.071694
0 0.447281 0.573403 0.053781 0.065833
0 0.610254 0.474090 0.050336 0.051625
0 0.397578 0.657521 0.069687 0.137236
0 0.929129 0.608486 0.083602 0.075306
0 0.676910 0.580743 0.062211 0.066819
0 0.522504 0.693181 0.066523 0.116250
0 0.682719 0.721694 0.086203 0.128083
0 0.811191 0.676153 0.085023 0.082917
0 0.673359 0.950000 0.122969 0.100000
0 0.546590 0.582160 0.080289 0.116792
0 0.285754 0.631042 0.050680 0.076806
0 0.273484 0.588368 0.040906 0.059236
0 0.331008 0.546778 0.046391 0.065833
0 0.239625 0.525458 0.039656 0.060361
0 0.341160 0.496437 0.048242 0.059292
0 0.538105 0.437382 0.044570 0.043931
0 0.500547 0.483333 0.047000 0.057083
0 0.448262 0.470174 0.035898 0.046181
0 0.472547 0.419861 0.050094 0.048333
0 0.393168 0.441229 0.029180 0.038431
0 0.871418 0.958042 0.109195 0.071639
0 0.580852 0.530472 0.069984 0.047611
