0 0.544668 0.457604 0.054102 0.044931
0 0.597602 0.826569 0.094047 0.139778
0 0.498109 0.628722 0.066484 0.102194
0 0.766156 0.642278 0.077375 0.085111
0 0.920125 0.651618 0.100234 0.102764
0 0.703902 0.503556 0.056852 0.056694
0 0.628617 0.510549 0.052250 0.047597
0 0.650879 0.573160 0.051320 0.038792
0 0.467348 0.438743 0.040352 0.050375
0 0.308668 0.521285 0.039961 0.057486
0 0.544996 0.502125 0.044727 0.050056
0 0.657918 0.699174 0.088586 0.113542
0 0.401004 0.677424 0.060992 0.114903
0 0.443539 0.502944 0.049437 0.066778
0 0.369398 0.587653 0.046719 0.076750
0 0.352504 0.413264 0.024742 0.037472
0 0.417891 0.429861 0.041094 0.038333
0 0.531504 0.581542 0.061445 0.067528
0 0.875625 0.930007 0.170000 0.139986
0 0.374094 0.517528 0.049406 0.056722
0 0.663027 0.964097 0.120508 0.071806
0 0.259668 0.481306 0.042852 0.050667
0 0.334699 0.485618 0.049242 0.051514
0 0.381242 0.477569 0.043453 0.046806
