0 0.821996 0.559021 0.068773 0.055764
0 0.469508 0.971111 0.116297 0.057778
0 0.251949 0.942778 0.112508 0.114444
0 0.630973 0.873056 0.138055 0.206389
0 0.505297 0.428472 0.110031 0.097500
0 0.652594 0.440493 0.125750 0.089319
0 0.955594 0.604542 0.060469 0.071000
0 0.376758 0.505069 0.048047 0.058194
0 0.324906 0.473910 0.044250 0.043292
0 0.273875 0.485993 0.034734 0.044625
0 0.363586 0.409604 0.025156 0.023514
0 0.258871 0.546056 0.041852 0.098833
0 0.565293 0.478840 0.051898 0.052153
0 0.682031 0.497563 0.052500 0.052875
0 0.800590 0.506889 0.063258 0.047667
0 0.567648 0.498556 0.055547 0.091250
0 0.778430 0.655236 0.084578 0.071583
0 0.332496 0.536979 0.043039 0.062375
0 0.301055 0.650069 0.051656 0.093056
0 0.424316 0.566549 0.052336 0.080403
0 0.709703 0.551840 0.060687 0.062014
