0 0.528711 0.726479 0.068359 0.103097
0 0.411258 0.433611 0.033734 0.029444
0 0.377070 0.439931 0.036641 0.039583
0 0.265086 0.482326 0.050766 0.052986
0 0.348332 0.491181 0.056305 0.068750
0 0.480859 0.437076 0.032813 0.032486
0 0.256727 0.551549 0.044359 0.060708
0 0.425961 0.932847 0.148859 0.134306
0 0.812578 0.920139 0.154375 0.159722
0 0.780574 0.425556 0.039711 0.064667
0 0.386320 0.626479 0.060344 0.094069
0 0.482926 0.471910 0.041492 0.029542
0 0.575605 0.480167 0.052039 0.051056
0 0.613719 0.476444 0.036594 0.034639
0 0.306184 0.413299 0.020102 0.019597
0 0.591023 0.523118 0.037328 0.045514
0 0.456922 0.587201 0.055906 0.070347
0 0.276934 0.604681 0.046836 0.076667
0 0.785410 0.561993 0.099039 0.095264
0 0.850078 0.562396 0.061766 0.079153
0 0.718422 0.604090 0.064609 0.080347
