0 0.736105 0.518403 0.052773 0.050639
0 0.700043 0.537701 0.057023 0.058625
0 0.476270 0.632667 0.059898 0.081889
0 0.367832 0.441500 0.030430 0.037722
0 0.237023 0.441097 0.033609 0.035250
0 0.234523 0.471354 0.035953 0.035208
0 0.274969 0.462764 0.040531 0.034417
0 0.385758 0.479500 0.041453 0.043444
0 0.325746 0.446826 0.046477 0.045042
0 0.462668 0.451937 0.042477 0.041097
0 0.516715 0.429660 0.050445 0.039042
0 0.666055 0.465187 0.051016 0.061208
0 0.380145 0.512021 0.053102 0.063736
0 0.466484 0.521285 0.070188 0.075069
0 0.541324 0.586278 0.069492 0.094111
0 0.990824 0.642319 0.018023 0.057972
0 0.338211 0.525931 0.062266 0.090028
0 0.205137 0.473785 0.026133 0.029681
0 0.438078 0.582187 0.048578 0.062819
0 0.623305 0.679708 0.078016 0.101861
0 0.292566 0.503799 0.040148 0.049764
0 0.552844 0.472118 0.052297 0.055625
0 0.262273 0.898542 0.121719 0.191667
0 0.778332 0.642958 0.087617 0.117111
0 0.842543 0.615944 0.072773 0.069472
0 0.616543 0.497646 0.051570 0.059653
0 0.285625 0.625569 0.053938 0.103528
