0 0.369000 0.510979 0.057375 0.070569
0 0.866848 0.720812 0.096039 0.097514
0 0.450551 0.955764 0.123586 0.088472
0 0.240484 0.466326 0.041906 0.049708
0 0.659371 0.514181 0.059820 0.047861
0 0.396125 0.691528 0.059344 0.093444
0 0.745027 0.559569 0.055695 0.054778
0 0.779273 0.545604 0.044672 0.039958
0 0.227262 0.470313 0.069102 0.060264
0 0.620637 0.550562 0.052273 0.055542
0 0.267316 0.539250 0.040164 0.069194
0 0.735840 0.623896 0.084414 0.073319
0 0.502387 0.554028 0.049195 0.056472
0 0.560852 0.510090 0.048672 0.048569
0 0.346707 0.431944 0.037336 0.036972
0 0.442742 0.434660 0.034859 0.049042
0 0.289469 0.501903 0.037484 0.041806
0 0.505195 0.446250 0.128984 0.137222
0 0.430246 0.501125 0.049664 0.062806
