0 0.340457 0.421069 0.031586 0.039028
0 0.382117 0.624201 0.050766 0.077236
0 0.239656 0.521167 0.040266 0.063167
0 0.307414 0.529340 0.047016 0.072653
0 0.639145 0.561507 0.038602 0.050625
0 0.188035 0.400382 0.031430 0.040625
0 0.244293 0.397861 0.042898 0.049139
0 0.567937 0.441896 0.050531 0.052597
0 0.562242 0.489285 0.048672 0.055875
0 0.294816 0.466493 0.050523 0.054236
0 0.348676 0.493611 0.049570 0.057611
0 0.595910 0.634243 0.079117 0.122514
0 0.985582 0.636264 0.028383 0.087583
0 0.853082 0.942514 0.107055 0.108250
0 0.273965 0.839493 0.085648 0.135764
0 0.874926 0.697778 0.079148 0.081972
0 0.507133 0.464465 0.040359 0.037986
0 0.423809 0.421687 0.037070 0.034153
0 0.830715 0.612056 0.071617 0.062139
0 0.432578 0.896278 0.114844 0.206444
0 0.668086 0.521965 0.043828 0.044931
