0 0.368242 0.431403 0.034406 0.040611
0 0.447813 0.457743 0.046500 0.048264
0 0.252047 0.509639 0.058156 0.062333
0 0.285844 0.594021 0.076125 0.171625
0 0.722699 0.548438 0.064523 0.070153
0 0.595125 0.528715 0.048922 0.060597
0 0.440617 0.581764 0.052109 0.067083
0 0.353422 0.465382 0.048797 0.066292
0 0.342871 0.543014 0.040086 0.067778
0 0.839027 0.618604 0.091758 0.080875
0 0.499820 0.556868 0.065250 0.073042
0 0.532348 0.674667 0.070008 0.105194
0 0.491508 0.462472 0.038531 0.040222
0 0.626020 0.499549 0.052102 0.053181
0 0.967281 0.713736 0.065437 0.133361
0 0.840828 0.547090 0.086062 0.086208
0 0.520945 0.435285 0.046297 0.058847
0 0.434191 0.424292 0.033336 0.039694
