0 0.765852 0.602361 0.068687 0.075500
0 0.324574 0.418667 0.030055 0.037250
0 0.432805 0.945903 0.126734 0.108194
0 0.215922 0.928958 0.139094 0.142083
0 0.970195 0.717361 0.059609 0.103889
0 0.273844 0.404833 0.025734 0.029778
0 0.323359 0.515882 0.047531 0.090819
0 0.502848 0.649896 0.069930 0.107847
0 0.245195 0.468882 0.037844 0.045958
0 0.352063 0.438153 0.024984 0.019639
0 0.396699 0.429840 0.020930 0.020986
0 0.474445 0.467375 0.056922 0.043306
0 0.262281 0.548632 0.048531 0.064708
0 0.384680 0.480972 0.048531 0.064694
0 0.612438 0.508403 0.054047 0.060750
0 0.634773 0.477674 0.057172 0.048264
0 0.624590 0.454167 0.050352 0.047222
0 0.282715 0.652715 0.056102 0.099875
0 0.555629 0.460847 0.035242 0.038972
0 0.485961 0.466681 0.033984 0.043111
0 0.835090 0.689382 0.090305 0.084542
0 0.559059 0.775174 0.082117 0.124764
0 0.825617 0.553174 0.072453 0.071042
