0 0.318918 0.404771 0.028102 0.027042
0 0.635223 0.557438 0.058961 0.051931
0 0.772852 0.652861 0.078312 0.090583
0 0.814422 0.519597 0.059906 0.057917
0 0.768801 0.568944 0.067367 0.067306
0 0.608117 0.889674 0.110719 0.182292
0 0.275813 0.707993 0.062688 0.101264
0 0.271941 0.832722 0.080508 0.161889
0 0.686523 0.742688 0.090188 0.116347
0 0.497332 0.481389 0.042758 0.038750
0 0.462691 0.949444 0.114289 0.095083
0 0.762918 0.409319 0.037430 0.050444
0 0.965617 0.707667 0.064375 0.065278
0 0.428172 0.434812 0.044750 0.045736
0 0.396152 0.445771 0.034883 0.039153
0 0.592797 0.451771 0.039719 0.063264
0 0.377594 0.620556 0.063938 0.107778
0 0.476801 0.615688 0.070586 0.105875
0 0.327277 0.421215 0.036695 0.027153
0 0.557516 0.465542 0.055094 0.061083
